1.500000000000000000e+03
1.500000000000000000e+03
1.500000000000000000e+03
1.500000000000000000e+03
1.500000000000000000e+03
1.500000000000000000e+03
1.500000000000000000e+03
1.500000000000000000e+03
1.500000000000000000e+03
1.500000000000000000e+03
1.500000000000000000e+03
1.500000000000000000e+03
1.500000000000000000e+03
1.500000000000000000e+03
1.500000000000000000e+03
1.500000000000000000e+03
1.500000000000000000e+03
1.500000000000000000e+03
1.500000000000000000e+03
1.500000000000000000e+03
1.500000000000000000e+03
1.500000000000000000e+03
1.500000000000000000e+03
1.500000000000000000e+03
1.500000000000000000e+03
1.500000000000000000e+03
1.500000000000000000e+03
1.500000000000000000e+03
1.500000000000000000e+03
1.500000000000000000e+03
1.500000000000000000e+03
1.500000000000000000e+03
1.500000000000000000e+03
1.500000000000000000e+03
1.500000000000000000e+03
1.500000000000000000e+03
1.500000000000000000e+03
1.500000000000000000e+03
1.500000000000000000e+03
1.500000000000000000e+03
1.500000000000000000e+03
1.500000000000000000e+03
1.500000000000000000e+03
1.500000000000000000e+03
1.500000000000000000e+03
1.500000000000000000e+03
1.500000000000000000e+03
1.500000000000000000e+03
1.500000000000000000e+03
1.500000000000000000e+03
1.500000000000000000e+03
1.500000000000000000e+03
1.500000000000000000e+03
1.500000000000000000e+03
1.500000000000000000e+03
1.500000000000000000e+03
1.500000000000000000e+03
1.500000000000000000e+03
1.500000000000000000e+03
1.500000000000000000e+03
1.500000000000000000e+03
1.500000000000000000e+03
1.500000000000000000e+03
1.500000000000000000e+03
1.500000000000000000e+03
1.500000000000000000e+03
1.500000000000000000e+03
1.500000000000000000e+03
1.500000000000000000e+03
1.500000000000000000e+03
1.500000000000000000e+03
1.500000000000000000e+03
1.500000000000000000e+03
1.500000000000000000e+03
1.500000000000000000e+03
1.500000000000000000e+03
1.500000000000000000e+03
1.500000000000000000e+03
1.500000000000000000e+03
1.500000000000000000e+03
1.500000000000000000e+03
1.500000000000000000e+03
1.500000000000000000e+03
1.500000000000000000e+03
1.500000000000000000e+03
1.500000000000000000e+03
1.500000000000000000e+03
1.500000000000000000e+03
1.500000000000000000e+03
1.500000000000000000e+03
1.500000000000000000e+03
1.500000000000000000e+03
1.500000000000000000e+03
1.500000000000000000e+03
1.500000000000000000e+03
1.500000000000000000e+03
1.500000000000000000e+03
1.500000000000000000e+03
1.500000000000000000e+03
1.500000000000000000e+03
1.500000000000000000e+03
1.500000000000000000e+03
1.500000000000000000e+03
1.500000000000000000e+03
1.500000000000000000e+03
1.500000000000000000e+03
1.500000000000000000e+03
1.500000000000000000e+03
1.500000000000000000e+03
1.500000000000000000e+03
1.500000000000000000e+03
1.500000000000000000e+03
1.500000000000000000e+03
1.500000000000000000e+03
1.500000000000000000e+03
1.500312500000000000e+03
1.500750000000000000e+03
1.501187500000000000e+03
1.501625000000000000e+03
1.502062500000000000e+03
1.502500000000000000e+03
1.502937500000000000e+03
1.503375000000000000e+03
1.503812500000000000e+03
1.504250000000000000e+03
1.504687500000000000e+03
1.505125000000000000e+03
1.505562500000000000e+03
1.506000000000000000e+03
1.506437500000000000e+03
1.506875000000000000e+03
1.507312500000000000e+03
1.507750000000000000e+03
1.508187500000000000e+03
1.508625000000000000e+03
1.509062500000000000e+03
1.509500000000000000e+03
1.509937500000000000e+03
1.510375000000000000e+03
1.510812500000000000e+03
1.511250000000000000e+03
1.511687500000000000e+03
1.512125000000000000e+03
1.512562500000000000e+03
1.513000000000000000e+03
1.513437500000000000e+03
1.513875000000000000e+03
1.514312500000000000e+03
1.514750000000000000e+03
1.515187500000000000e+03
1.515625000000000000e+03
1.516062500000000000e+03
1.516500000000000000e+03
1.516937500000000000e+03
1.517375000000000000e+03
1.517812500000000000e+03
1.518250000000000000e+03
1.518687500000000000e+03
1.519125000000000000e+03
1.519562500000000000e+03
1.520000000000000000e+03
1.520437500000000000e+03
1.520875000000000000e+03
1.521312500000000000e+03
1.521750000000000000e+03
1.522187500000000000e+03
1.522625000000000000e+03
1.523062500000000000e+03
1.523500000000000000e+03
1.523937500000000000e+03
1.524375000000000000e+03
1.524812500000000000e+03
1.525250000000000000e+03
1.525687500000000000e+03
1.526125000000000000e+03
1.526562500000000000e+03
1.527000000000000000e+03
1.527437500000000000e+03
1.527875000000000000e+03
1.528312500000000000e+03
1.528750000000000000e+03
1.529187500000000000e+03
1.529625000000000000e+03
1.530062500000000000e+03
1.530500000000000000e+03
1.530937500000000000e+03
1.531375000000000000e+03
1.531812500000000000e+03
1.532250000000000000e+03
1.532687500000000000e+03
1.533125000000000000e+03
1.533562500000000000e+03
1.534000000000000000e+03
1.534437500000000000e+03
1.534875000000000000e+03
1.535312500000000000e+03
1.535750000000000000e+03
1.536187500000000000e+03
1.536625000000000000e+03
1.537062500000000000e+03
1.537500000000000000e+03
1.537937500000000000e+03
1.538375000000000000e+03
1.538812500000000000e+03
1.539250000000000000e+03
1.539687500000000000e+03
1.540125000000000000e+03
1.540562500000000000e+03
1.541000000000000000e+03
1.541437500000000000e+03
1.541875000000000000e+03
1.542312500000000000e+03
1.542750000000000000e+03
1.543187500000000000e+03
1.543625000000000000e+03
1.544062500000000000e+03
1.544500000000000000e+03
1.544937500000000000e+03
1.545375000000000000e+03
1.545812500000000000e+03
1.546250000000000000e+03
1.546687500000000000e+03
1.547125000000000000e+03
1.547562500000000000e+03
1.548000000000000000e+03
1.548437500000000000e+03
1.548875000000000000e+03
1.549312500000000000e+03
1.549750000000000000e+03
1.612446044921875000e+03
1.676230957031250000e+03
1.742931152343750000e+03
1.812184326171875000e+03
1.883867675781250000e+03
1.957864990234375000e+03
2.034060058593750000e+03
2.112344482421875000e+03
2.192549072265625000e+03
2.274575195312500000e+03
2.358227294921875000e+03
2.443352539062500000e+03
2.529671630859375000e+03
2.616879882812500000e+03
2.704653320312500000e+03
2.792716064453125000e+03
2.880752929687500000e+03
2.968367919921875000e+03
3.055323730468750000e+03
3.141279785156250000e+03
3.226246093750000000e+03
3.310691406250000000e+03
3.394943359375000000e+03
3.479043212890625000e+03
3.562768066406250000e+03
3.645944580078125000e+03
3.728506103515625000e+03
3.810236816406250000e+03
3.891016357421875000e+03
3.970723876953125000e+03
4.049186279296875000e+03
4.126343750000000000e+03
4.202097656250000000e+03
4.276527343750000000e+03
4.349492187500000000e+03
4.421128906250000000e+03
4.491324218750000000e+03
4.560144531250000000e+03
4.627546875000000000e+03
4.693574218750000000e+03
4.758234375000000000e+03
4.821542968750000000e+03
4.883390625000000000e+03
4.944007812500000000e+03
5.003207031250000000e+03
5.061105468750000000e+03
5.117730468750000000e+03
5.173007812500000000e+03
5.227062500000000000e+03
5.279808593750000000e+03
5.331316406250000000e+03
5.381660156250000000e+03
5.430683593750000000e+03
5.478492187500000000e+03
5.525117187500000000e+03
5.570460937500000000e+03
5.614628906250000000e+03
5.657578125000000000e+03
5.699292968750000000e+03
5.739800781250000000e+03
5.779113281250000000e+03
5.817164062500000000e+03
5.854062500000000000e+03
5.889714843750000000e+03
5.924281250000000000e+03
5.957570312500000000e+03
5.989722656250000000e+03
6.020644531250000000e+03
6.050546875000000000e+03
6.079191406250000000e+03
6.106832031250000000e+03
6.133277343750000000e+03
6.158687500000000000e+03
6.183062500000000000e+03
6.206468750000000000e+03
6.228835937500000000e+03
6.250296875000000000e+03
6.270917968750000000e+03
6.290582031250000000e+03
6.309457031250000000e+03
6.327523437500000000e+03
6.344792968750000000e+03
6.361496093750000000e+03
6.377488281250000000e+03
6.392886718750000000e+03
6.407679687500000000e+03
6.421914062500000000e+03
6.435718750000000000e+03
6.448996093750000000e+03
6.462007812500000000e+03
6.474457031250000000e+03
6.486683593750000000e+03
6.498546875000000000e+03
6.510136718750000000e+03
6.521472656250000000e+03
6.532550781250000000e+03
6.543347656250000000e+03
6.553984375000000000e+03
6.564429687500000000e+03
6.574609375000000000e+03
6.584625000000000000e+03
6.594535156250000000e+03
6.604187500000000000e+03
6.613816406250000000e+03
6.623304687500000000e+03
6.632453125000000000e+03
6.641691406250000000e+03
6.650789062500000000e+03
6.659578125000000000e+03
6.668414062500000000e+03
6.677113281250000000e+03
6.685652343750000000e+03
6.694121093750000000e+03
6.702457031250000000e+03
6.710542968750000000e+03
6.718640625000000000e+03
6.726589843750000000e+03
6.734449218750000000e+03
6.742226562500000000e+03
6.749750000000000000e+03
6.757378906250000000e+03
6.764667968750000000e+03
6.771949218750000000e+03
6.779078125000000000e+03
6.786140625000000000e+03
6.792996093750000000e+03
6.799734375000000000e+03
6.806410156250000000e+03
6.812820312500000000e+03
6.819312500000000000e+03
6.825453125000000000e+03
6.831644531250000000e+03
6.837527343750000000e+03
6.843363281250000000e+03
6.849031250000000000e+03
6.854625000000000000e+03
6.860039062500000000e+03
6.865343750000000000e+03
6.870445312500000000e+03
6.875507812500000000e+03
6.880437500000000000e+03
6.885125000000000000e+03
6.889800781250000000e+03
6.894308593750000000e+03
6.898656250000000000e+03
6.902953125000000000e+03
6.906945312500000000e+03
6.910937500000000000e+03
6.914800781250000000e+03
6.918531250000000000e+03
6.922195312500000000e+03
6.925671875000000000e+03
6.929031250000000000e+03
6.932242187500000000e+03
6.935429687500000000e+03
6.938484375000000000e+03
6.941429687500000000e+03
6.944316406250000000e+03
6.946953125000000000e+03
6.949589843750000000e+03
6.952214843750000000e+03
6.954550781250000000e+03
6.956882812500000000e+03
6.959113281250000000e+03
6.961257812500000000e+03
6.963328125000000000e+03
6.965324218750000000e+03
6.967222656250000000e+03
6.968984375000000000e+03
6.970750000000000000e+03
6.972351562500000000e+03
6.973957031250000000e+03
6.975468750000000000e+03
6.976878906250000000e+03
6.978296875000000000e+03
6.979613281250000000e+03
6.980910156250000000e+03
6.982039062500000000e+03
6.983171875000000000e+03
6.984222656250000000e+03
6.985187500000000000e+03
6.986156250000000000e+03
6.987175781250000000e+03
6.987960937500000000e+03
6.988878906250000000e+03
6.989511718750000000e+03
6.990179687500000000e+03
6.990984375000000000e+03
6.991566406250000000e+03
6.992164062500000000e+03
6.992867187500000000e+03
6.993320312500000000e+03
6.993769531250000000e+03
6.994277343750000000e+03
6.994765625000000000e+03
6.995101562500000000e+03
6.995445312500000000e+03
6.995859375000000000e+03
6.996152343750000000e+03
6.996539062500000000e+03
6.996851562500000000e+03
6.997144531250000000e+03
6.997312500000000000e+03
6.997492187500000000e+03
6.997871093750000000e+03
6.998000000000000000e+03
6.998339843750000000e+03
6.998574218750000000e+03
6.998566406250000000e+03
6.998757812500000000e+03
6.998816406250000000e+03
6.998933593750000000e+03
6.999125000000000000e+03
6.999160156250000000e+03
6.999406250000000000e+03
6.999765625000000000e+03
6.999855468750000000e+03
6.999929687500000000e+03
6.999988281250000000e+03
7.000035156250000000e+03
6.999972656250000000e+03
7.000031250000000000e+03
7.000113281250000000e+03
7.000164062500000000e+03
7.000242187500000000e+03
7.000246093750000000e+03
7.000222656250000000e+03
7.000210937500000000e+03
7.000257812500000000e+03
7.000656250000000000e+03
7.000742187500000000e+03
7.001105468750000000e+03
7.001527343750000000e+03
7.001589843750000000e+03
7.001640625000000000e+03
7.001722656250000000e+03
7.001789062500000000e+03
7.001871093750000000e+03
7.001921875000000000e+03
7.002027343750000000e+03
7.002066406250000000e+03
7.002121093750000000e+03
7.002226562500000000e+03
7.002281250000000000e+03
7.002640625000000000e+03
7.002800781250000000e+03
7.003230468750000000e+03
7.003718750000000000e+03
7.004035156250000000e+03
7.004175781250000000e+03
7.004304687500000000e+03
7.004417968750000000e+03
7.004593750000000000e+03
7.004738281250000000e+03
7.005093750000000000e+03
7.005511718750000000e+03
7.006054687500000000e+03
7.006625000000000000e+03
7.006789062500000000e+03
7.007035156250000000e+03
7.007214843750000000e+03
7.007664062500000000e+03
7.008355468750000000e+03
7.008824218750000000e+03
7.009281250000000000e+03
7.009773437500000000e+03
7.010089843750000000e+03
7.010863281250000000e+03
7.011359375000000000e+03
7.011867187500000000e+03
7.012531250000000000e+03
7.013167968750000000e+03
7.013816406250000000e+03
7.014453125000000000e+03
7.014992187500000000e+03
7.015929687500000000e+03
7.016597656250000000e+03
7.017281250000000000e+03
7.018160156250000000e+03
7.018972656250000000e+03
7.019816406250000000e+03
7.020558593750000000e+03
7.021527343750000000e+03
7.022414062500000000e+03
7.023382812500000000e+03
7.024453125000000000e+03
7.025457031250000000e+03
7.026531250000000000e+03
7.027535156250000000e+03
7.028605468750000000e+03
7.029710937500000000e+03
7.030859375000000000e+03
7.032070312500000000e+03
7.033289062500000000e+03
7.034589843750000000e+03
7.035886718750000000e+03
7.037136718750000000e+03
7.038574218750000000e+03
7.039839843750000000e+03
7.041406250000000000e+03
7.042828125000000000e+03
7.044378906250000000e+03
7.045832031250000000e+03
7.047472656250000000e+03
7.049000000000000000e+03
7.050746093750000000e+03
7.052445312500000000e+03
7.054062500000000000e+03
7.055839843750000000e+03
7.057785156250000000e+03
7.059371093750000000e+03
7.061425781250000000e+03
7.063199218750000000e+03
7.065167968750000000e+03
7.067253906250000000e+03
7.069339843750000000e+03
7.071375000000000000e+03
7.073492187500000000e+03
7.075585937500000000e+03
7.077886718750000000e+03
7.079968750000000000e+03
7.082218750000000000e+03
7.084785156250000000e+03
7.086933593750000000e+03
7.089328125000000000e+03
7.091828125000000000e+03
7.094339843750000000e+03
7.096761718750000000e+03
7.099367187500000000e+03
7.102054687500000000e+03
7.104566406250000000e+03
7.107214843750000000e+03
7.109949218750000000e+03
7.112835937500000000e+03
7.115488281250000000e+03
7.118250000000000000e+03
7.120976562500000000e+03
7.124027343750000000e+03
7.127007812500000000e+03
7.129937500000000000e+03
7.132800781250000000e+03
7.136015625000000000e+03
7.139097656250000000e+03
7.142183593750000000e+03
7.145210937500000000e+03
7.148394531250000000e+03
7.151445312500000000e+03
7.154941406250000000e+03
7.158183593750000000e+03
7.161410156250000000e+03
7.164757812500000000e+03
7.168046875000000000e+03
7.171425781250000000e+03
7.175011718750000000e+03
7.178453125000000000e+03
7.181886718750000000e+03
7.185312500000000000e+03
7.188910156250000000e+03
7.192425781250000000e+03
7.196015625000000000e+03
7.199648437500000000e+03
7.203285156250000000e+03
7.206917968750000000e+03
7.210734375000000000e+03
7.214433593750000000e+03
7.218187500000000000e+03
7.221867187500000000e+03
7.225656250000000000e+03
7.229488281250000000e+03
7.233316406250000000e+03
7.237171875000000000e+03
7.240949218750000000e+03
7.244820312500000000e+03
7.248656250000000000e+03
7.252578125000000000e+03
7.256640625000000000e+03
7.260480468750000000e+03
7.264605468750000000e+03
7.268519531250000000e+03
7.272460937500000000e+03
7.276398437500000000e+03
7.280457031250000000e+03
7.284425781250000000e+03
7.288484375000000000e+03
7.292511718750000000e+03
7.296503906250000000e+03
7.300546875000000000e+03
7.304683593750000000e+03
7.308808593750000000e+03
7.312816406250000000e+03
7.316886718750000000e+03
7.321042968750000000e+03
7.325121093750000000e+03
7.329191406250000000e+03
7.333289062500000000e+03
7.337367187500000000e+03
7.341464843750000000e+03
7.345546875000000000e+03
7.349582031250000000e+03
7.353933593750000000e+03
7.357867187500000000e+03
7.362042968750000000e+03
7.366125000000000000e+03
7.370218750000000000e+03
7.374394531250000000e+03
7.378425781250000000e+03
7.382605468750000000e+03
7.386695312500000000e+03
7.390753906250000000e+03
7.394871093750000000e+03
7.398902343750000000e+03
7.402996093750000000e+03
7.407070312500000000e+03
7.411109375000000000e+03
7.415101562500000000e+03
7.419195312500000000e+03
7.423367187500000000e+03
7.427367187500000000e+03
7.431363281250000000e+03
7.435312500000000000e+03
7.439343750000000000e+03
7.443441406250000000e+03
7.447324218750000000e+03
7.451328125000000000e+03
7.455238281250000000e+03
7.459257812500000000e+03
7.463234375000000000e+03
7.467007812500000000e+03
7.471085937500000000e+03
7.474992187500000000e+03
7.478878906250000000e+03
7.482656250000000000e+03
7.486511718750000000e+03
7.490410156250000000e+03
7.494277343750000000e+03
7.498007812500000000e+03
7.501816406250000000e+03
7.505636718750000000e+03
7.509484375000000000e+03
7.513292968750000000e+03
7.516816406250000000e+03
7.520652343750000000e+03
7.524378906250000000e+03
7.528074218750000000e+03
7.531636718750000000e+03
7.535386718750000000e+03
7.539066406250000000e+03
7.542609375000000000e+03
7.546148437500000000e+03
7.549808593750000000e+03
7.553316406250000000e+03
7.556902343750000000e+03
7.560402343750000000e+03
7.563839843750000000e+03
7.567351562500000000e+03
7.570789062500000000e+03
7.574203125000000000e+03
7.577636718750000000e+03
7.580878906250000000e+03
7.584367187500000000e+03
7.587542968750000000e+03
7.590847656250000000e+03
7.594187500000000000e+03
7.597496093750000000e+03
7.600617187500000000e+03
7.603785156250000000e+03
7.607093750000000000e+03
7.610183593750000000e+03
7.613402343750000000e+03
7.616507812500000000e+03
7.619527343750000000e+03
7.622699218750000000e+03
7.625667968750000000e+03
7.628730468750000000e+03
7.631746093750000000e+03
7.634777343750000000e+03
7.637742187500000000e+03
7.640562500000000000e+03
7.643695312500000000e+03
7.646433593750000000e+03
7.649304687500000000e+03
7.652109375000000000e+03
7.654957031250000000e+03
7.657722656250000000e+03
7.660582031250000000e+03
7.663128906250000000e+03
7.665851562500000000e+03
7.668464843750000000e+03
7.671171875000000000e+03
7.673828125000000000e+03
7.676492187500000000e+03
7.678871093750000000e+03
7.681511718750000000e+03
7.683863281250000000e+03
7.686589843750000000e+03
7.688863281250000000e+03
7.691339843750000000e+03
7.693828125000000000e+03
7.695976562500000000e+03
7.698546875000000000e+03
7.700781250000000000e+03
7.703007812500000000e+03
7.705312500000000000e+03
7.707484375000000000e+03
7.709625000000000000e+03
7.711750000000000000e+03
7.714066406250000000e+03
7.716195312500000000e+03
7.718371093750000000e+03
7.720136718750000000e+03
7.722386718750000000e+03
7.724105468750000000e+03
7.726250000000000000e+03
7.728023437500000000e+03
7.730011718750000000e+03
7.731875000000000000e+03
7.733644531250000000e+03
7.735410156250000000e+03
7.737156250000000000e+03
7.738917968750000000e+03
7.740519531250000000e+03
7.742242187500000000e+03
7.744230468750000000e+03
7.745832031250000000e+03
7.747386718750000000e+03
7.748441406250000000e+03
7.750214843750000000e+03
7.751902343750000000e+03
7.753363281250000000e+03
7.754261718750000000e+03
7.756093750000000000e+03
7.757457031250000000e+03
7.758679687500000000e+03
7.759910156250000000e+03
7.761242187500000000e+03
7.762191406250000000e+03
7.763375000000000000e+03
7.764792968750000000e+03
7.765917968750000000e+03
7.766972656250000000e+03
7.768070312500000000e+03
7.769117187500000000e+03
7.770183593750000000e+03
7.771343750000000000e+03
7.772199218750000000e+03
7.772710937500000000e+03
7.774031250000000000e+03
7.774847656250000000e+03
7.775289062500000000e+03
7.776285156250000000e+03
7.776792968750000000e+03
7.777898437500000000e+03
7.778152343750000000e+03
7.778753906250000000e+03
7.779445312500000000e+03
7.780214843750000000e+03
7.780332031250000000e+03
7.780902343750000000e+03
7.781855468750000000e+03
7.781796875000000000e+03
7.782246093750000000e+03
7.782582031250000000e+03
7.783292968750000000e+03
7.783382812500000000e+03
7.783570312500000000e+03
7.784058593750000000e+03
7.783820312500000000e+03
7.784421875000000000e+03
7.784527343750000000e+03
7.784175781250000000e+03
7.784734375000000000e+03
7.784687500000000000e+03
